139	153	85
137	153	86
135	155	87
132	157	86
129	159	86
125	164	85
128	162	81
131	158	81
127	156	93
127	155	91
135	160	73
116	165	87
93	151	126
83	125	153
85	88	172
88	47	184
86	18	188
96	-2	183
97	19	183
91	54	180
80	97	168
76	126	153
67	151	137
55	176	111
38	203	72
42	211	43
71	208	6
97	198	-15
69	208	-18
20	218	-33
-17	214	-55
-26	206	-78
-3	193	-100
17	185	-114
36	168	-133
45	145	-153
50	121	-170
54	73	-192
74	24	-200
80	-9	-199
58	-45	-202
58	-93	-188
11	-178	-137
4	-214	-80
4	-225	-52
8	-231	-17
19	-229	30
26	-222	58
76	-186	111
79	-154	145
105	-108	166
112	-43	183
134	22	173
141	79	152
135	99	145
126	121	135
106	160	114
95	194	62
89	197	62
81	194	77
78	182	102
73	153	142
77	119	167
103	15	192
117	-47	181
139	-88	155
111	-97	168
79	-113	177
52	-129	175
0	-138	174
-40	-143	167
-75	-140	158
-78	-142	157
-41	-152	160
-72	-136	163
-55	-130	173
-75	-95	184
-79	-77	191
-134	-15	179
-210	7	99
-235	23	-2
-224	24	-65
-212	39	-88
-203	43	-104
-187	67	-114
-151	84	-144
-117	89	-164
-74	41	-197
-60	5	-205
-65	-12	-202
-53	8	-205
-47	67	-196
-60	147	-152
-98	189	-78
-118	197	-22
-115	186	70
-114	154	123
-124	105	154
-141	62	160
-153	11	157
-163	-38	143
-170	-74	119
-179	-94	91
-184	-100	80
-179	-89	95
-190	-72	90
-182	-76	103
-145	-103	130
-110	-150	120
-94	-186	87
-59	-198	96
-29	-171	143
-11	-81	204
-23	-16	215
-49	-23	212
-3	-142	171
31	-208	94
44	-205	96
37	-197	111
-26	-205	96
-64	-204	79
-86	-189	91
-174	-88	110
-187	-25	118
-178	20	129
-158	17	148
-159	-7	149
-164	-50	137
-176	-77	111
-212	-45	62
-202	-68	70
-176	-65	118
-115	-93	160
-62	-124	170
7	-141	170
56	-130	173
100	-99	173
132	-62	170
147	-11	168
135	48	168
112	89	168
82	104	173
69	113	173
65	125	167
68	133	161
67	145	152
67	154	142
67	167	131
66	178	121
55	184	116
48	182	123
43	163	148
30	136	174
7	102	195
-20	86	201
-36	82	201
-103	72	183
-165	85	133
-188	95	98
-196	100	76
-207	107	31
-190	120	-61
-160	136	-94
-124	143	-123
-40	132	-171
48	137	-162
106	134	-141
150	116	-121
153	101	-129
155	99	-128
138	104	-139
140	111	-132
141	116	-125
143	116	-123
119	72	-166
45	8	-205
26	-1	-207
-39	0	-204
-136	-37	-162
-132	-57	-157
-135	-66	-153
-162	-82	-121
-152	-89	-127
-105	-124	-142
-89	-176	-102
-80	-200	-67
-22	-203	-98
34	-176	-135
57	-181	-123
82	-192	-95
50	-177	-130
-20	-79	-196
-34	6	-207
-40	66	-195
-39	126	-165
-65	162	-129
-99	118	-153
-160	-55	-133
-180	-85	-92
-148	-94	-129
-134	-143	-104
-116	-113	-139
-88	-141	-135
34	-227	-106
108	-237	-80
119	-224	-14
100	-199	62
29	-191	119
-85	-118	168
-124	-10	182
-137	65	165
-210	-51	79
-178	-147	-19
-142	-165	-65
-159	-156	-50
-177	-146	-11
-142	-179	23
-86	-213	-2
-91	-208	17
-118	-167	99
-4	-120	186
102	-156	130
113	-196	61
75	-220	-9
-8	-228	-34
-77	-218	-11
-65	-196	94
1	-124	183
55	-62	203
120	-4	185
150	42	160
158	94	131
125	128	134
75	177	114
55	197	88
29	213	62
47	215	48
73	209	45
98	198	43
116	194	-15
117	154	-113
99	104	-166
32	6	-213
-4	-59	-209
-22	-97	-195
-43	-148	-162
-60	-186	-117
-79	-210	-56
-109	-204	10
-115	-186	68
-106	-132	147
-51	-117	182
33	-94	196
103	-78	181
158	-91	139
188	-129	59
189	-144	8
177	-141	65
115	-123	152
-36	-63	205
-162	-49	148
-222	-63	31
-216	-86	-5
-187	-132	-26
-186	-124	-40
-214	-76	-30
-211	-84	8
-212	-64	60
-204	12	104
-215	62	62
-204	110	-25
-116	169	-98
-4	228	-6
43	166	141
63	46	201
83	-102	177
79	-216	35
17	-205	-99
0	-175	-139
23	-156	-157
79	-119	-168
124	-60	-174
132	-51	-171
133	-132	-128
167	-159	-34
207	-103	42
219	22	73
177	139	40
90	205	-34
-8	208	-87
-97	176	-108
-223	49	-52
-228	-54	0
-221	-69	-2
-222	-61	15
-226	-30	39
-219	37	69
-209	57	80
-208	55	83
-214	37	77
-223	-14	58
-219	26	72
-202	118	26
-169	149	-61
-27	163	-146
189	68	-101
229	13	-28
221	-25	59
175	-117	88
140	-178	48
139	-142	107
9	11	208
-137	49	161
-219	-40	33
-192	-110	-44
-89	-48	-191
58	49	-201
102	78	-177
123	109	-148
145	150	-87
183	129	46
178	48	132
117	-65	177
49	-133	168
-1	-230	13
-17	-188	-122
-20	-100	-192
-4	-122	-180
74	-199	-81
186	-140	26
220	-38	64
204	102	33
99	189	-71
-125	137	-126
-227	-42	-7
-210	-65	67
-223	-12	58
-185	21	129
-71	51	197
136	11	168
209	-97	-41
125	-112	-152
45	-125	-177
35	-191	-110
42	-221	-11
95	-200	75
114	-86	169
76	35	194
3	122	174
-147	154	78
-193	124	17
-199	53	-97
-159	-73	-138
-148	-93	-138
-174	90	-117
-59	221	14
32	179	128
81	95	178
122	43	174
154	17	156
172	-24	138
160	-5	150
70	64	190
-134	100	143
-231	-8	-22
-184	-131	-74
-129	-187	-77
-85	-210	-59
-94	-201	-15
-134	-171	57
-186	42	124
-163	154	59
-108	195	-52
-39	172	-134
44	124	-170
184	86	-92
211	63	49
96	89	169
-80	117	162
-125	151	103
-121	192	27
-102	199	-40
-113	190	-50
-119	195	2
-110	200	-9
-139	166	-72
-189	9	-121
-188	-49	-109
-204	-54	-77
-225	3	-12
-214	-11	61
-191	-44	98
-191	-68	85
-200	-76	63
-186	-109	47
-190	-105	39
-181	-113	50
-188	-103	42
-194	-99	19
-180	-107	53
-144	-160	31
-83	-207	-17
-23	-221	-38
9	-224	37
-41	-207	75
-128	-173	62
-170	-147	21
-200	-109	1
-221	-56	1
-224	-47	-2
-224	-46	-3
-225	-44	-4
-226	-45	8
-186	-94	87
-21	-188	114
86	-197	72
114	-196	38
98	-205	33
68	-214	41
-19	-216	58
-93	-204	20
-133	-181	-11
-143	-169	-49
-106	-168	-102
-71	-187	-104
-57	-200	-87
-26	-205	-92
16	-217	-66
74	-216	-37
140	-187	8
157	-162	52
162	-121	107
154	-103	130
146	-104	137
144	-117	130
113	-161	112
63	-176	121
22	-139	164
-8	-61	203
-11	-1	210
23	15	207
42	-4	205
58	-13	201
181	-72	108
190	-118	43
150	-170	30
152	-172	9
96	-161	-122
-43	-94	-188
-121	23	-177
-146	117	-122
-151	146	-87
