90      191     59
86      194     57
88      192     60
84      190     68
83      187     74
81      187     79
78      189     77
81      191     69
79      192     73
67      194     76
60      196     77
56      203     63
47      211     47
48      201     74
57      195     81
40      200     83
35      192     97
55      192     89
65      197     74
77      195     64
69      197     67
64      196     73
71      188     88
69      178     106
63      171     116
56      178     114
54      179     112
54      178     115
56      175     120
56      175     116
55      176     116
52      180     113
53      181     109
57      188     96
59      192     90
61      194     85
63      197     75
64      200     70
64      201     65
63      202     61
64      204     58
62      205     56
61      205     55
59      206     52
57      208     52
47      208     60
31      207     68
17      209     75
8       208     77
-4      205     83
-9      202     89
-15     199     93
-19     198     98
-23     194     101
-27     194     101
-33     192     105
-39     189     105
-43     188     106
-49     188     107
-45     193     97
-32     197     94
-24     197     96
-14     195     98
-6      195     100
2       192     103
13      190     102
25      192     101
37      192     100
45      189     98
54      188     99
61      182     100
68      182     100
76      182     91
86      186     78
86      190     68
83      197     57
83      201     39
82      203     33
82      204     28
82      202     25
82      205     22
83      205     17
82      207     10
81      205     4
80      207     2
79      208     1
79      208     0
79      209     1
76      208     8
78      208     9
77      208     14
74      208     30
74      207     34
72      207     40
72      205     46
72      204     52
73      202     56
72      200     59
73      200     58
72      200     62
71      199     68
72      197     69
71      197     71
71      196     74
71      195     75
74      195     76
71      193     78
71      192     82
71      189     85
71      190     86
70      188     89
70      186     90
70      186     93
70      184     98
71      179     105
71      172     112
73      167     118
73      163     123
76      159     124
76      155     129
78      151     131
79      149     134
77      146     137
78      143     139
78      140     143
77      137     143
76      138     147
75      136     147
75      134     147
74      133     147
76      131     150
75      130     150
75      129     152
76      127     152
76      129     151
76      127     153
76      127     153
75      128     152
75      126     153
75      128     152
75      127     154
75      127     154
74      127     153
75      128     152
74      128     151
74      129     152
75      129     152
74      129     151
73      128     153
76      125     152
78      123     154
77      120     157
75      115     160
70      110     166
67      102     170
64      97      175
62      93      178
61      88      178
60      84      181
59      81      181
58      78      182
59      75      184
58      68      186
59      64      187
59      59      187
61      56      187
60      50      190
61      48      192
60      46      191
61      43      190
61      37      191
62      32      192
63      27      193
63      22      193
65      14      192
67      6       194
65      -1      192
68      -7      190
69      -12     190
66      -9      192
54      11      194
40      42      195
34      85      186
38      150     143
48      182     106
68      195     68
85      201     35
97      199     2
99      195     -41
98      180     -85
99      153     -123
101     98      -169
98      32      -192
91      -25     -198
64      -80     -193
44      -127    -175
19      -162    -150
6       -178    -138
5       -187    -126
3       -196    -112
2       -203    -105
3       -204    -99
2       -204    -99
-4      -202    -103
-13     -197    -109
-22     -193    -113
-25     -194    -113
-27     -194    -113
-27     -194    -111
-30     -195    -111
-26     -197    -111
-9      -195    -114
7       -192    -120
11      -188    -122
20      -187    -124
25      -187    -121
29      -174    -139
14      -155    -159
-19     -103    -191
-36     21      -211
-21     124     -177
-3      195     -109
7       213     -72
10      213     -68
18      210     -78
17      204     -91
-5      204     -88
-14     205     -87
-21     209     -75
36      203     -84
33      187     -110
21      201     -86
11      205     -82
-24     203     -79
-48     201     -80
-91     166     -105
-148    138     -77
-189    94      -57
-202    55      -64
-206    14      -81
-208    34      -74
-218    44      -42
-220    36      -48
-211    -25     -74
-206    -39     -86
-202    -30     -94
-199    1       -109
-190    12      -117
-185    22      -116
-185    14      -119
-185    19      -120
-184    19      -119
-185    15      -120
-184    22      -118
-183    17      -118
-184    15      -119
-184    20      -118
-185    16      -120
-184    18      -119
-185    20      -119
-183    16      -119
-184    17      -119
-185    18      -119
-183    16      -120
-184    17      -120
-184    19      -119
-184    16      -120
-185    17      -119
-184    18      -119
-183    17      -120
-184    17      -120
-184    18      -119
-183    18      -120
-184    20      -119
-183    17      -119
-183    20      -118
-184    17      -119
-183    20      -119
-183    17      -119
-186    17      -119
-185    21      -118
-183    18      -119
-185    17      -119
-184    21      -119
-184    19      -119
-183    18      -119
-184    21      -118
-185    19      -121
-183    20      -119
-184    19      -119
-183    18      -119
-182    18      -120
-184    18      -120
-183    18      -120
-182    18      -120
-183    20      -119
-184    18      -120
-184    20      -119
-184    19      -120
-184    19      -120
-185    19      -119
-182    19      -119
-183    19      -119
-185    18      -120
-184    18      -119
-184    18      -119
-184    18      -118
-183    19      -119
-184    19      -120
-186    18      -120
-184    19      -119
-184    18      -119
-184    18      -120
-184    18      -120
-184    18      -120
-183    20      -119
-182    17      -119
-184    19      -118
-183    19      -120
-184    18      -119
-185    18      -118
-183    18      -121
-184    18      -119
-184    18      -121
-183    19      -120
-184    17      -119
-185    17      -119
-183    19      -121
-185    18      -121
-184    19      -121
-184    18      -119
-184    18      -120
-183    17      -120
